== FULL sw-hw-network co-design scheduling pipeline
== SOFTWARE ladder: S0 serial | S1 block-pipe | S2 +Move2 |
==   S3 +round-Beaver | S4 +doorbell(opp) | S5bad = same parity
== HARDWARE columns: S1_4s = block-pipe on 4step backend;
==   S1_4sD = + DRU transpose offload (HBM only; measured
==   stage split; '--' below 2^20 = unmeasured, no extrap)
== NETWORK: rtt in {0, 0.05, 2} ms (same-host/same-DC/WAN);
==   netexp = S4(rtt) - S4(rtt=0) = EXPOSED network time;
==   hidden whenever 2*RTT <= t_round (round cadence).
== MEASURED contention: f_opp=0.00%  f_same=0.00%  (L40S sim, C-consume stream)
== SM stages: L40S merge split (fwd/pw/intt, b=16); Move2 block
== = 2 x (FWD16+PW16) [2 muls/block, same convention as e2e],
== one INTT at end. GPU baseline DPF part device-scaled by
== GPU_DEV_FACTOR (fix: was unscaled). c^2=16 blocks.
==
-- L40S: PIM DPF+convert 0.0978 ns/leaf, NTT ratio 1.00
       N    t   rtt |      GPU |      S0      S1      S2      S3      S4 |   S5bad |   S1_4s  S1_4sD |  netexp | x(S4)
   2^16     4  0.00 |     2.14 |    1.02    0.83    0.83    0.83    0.83 |    0.83 |      --      -- |   0.000 |   2.6x  
   2^16     4  0.05 |     2.14 |    2.62    0.93    0.93    0.83    0.83 |    0.83 |      --      -- |   0.000 |   2.6x  
   2^16     4  2.00 |     2.14 |   65.02    4.83    4.83    4.01    4.01 |    4.01 |      --      -- |   3.180 |   0.5x  
   2^16    16  0.00 |     7.45 |    3.48    3.29    3.29    3.29    3.29 |    3.29 |      --      -- |   0.000 |   2.3x  
   2^16    16  0.05 |     7.45 |    5.08    3.39    3.39    3.29    3.29 |    3.29 |      --      -- |   0.000 |   2.3x  
   2^16    16  2.00 |     7.45 |   67.48    7.29    7.29    7.13    7.13 |    7.13 |      --      -- |   3.844 |   1.0x  
   2^16   128  0.00 |    58.72 |   26.44   26.26   26.25   26.25   26.25 |   26.25 |      --      -- |   0.000 |   2.2x  
   2^16   128  0.05 |    58.72 |   28.04   26.36   26.35   26.33   26.33 |   26.33 |      --      -- |   0.081 |   2.2x  
   2^16   128  2.00 |    58.72 |   90.44   30.26   30.25   30.23   30.23 |   30.23 |      --      -- |   3.981 |   1.9x  
   2^18     4  0.00 |     8.11 |    4.15    3.33    3.31    3.31    3.31 |    3.31 |      --      -- |   0.000 |   2.5x  
   2^18     4  0.05 |     8.11 |    5.75    3.43    3.41    3.31    3.31 |    3.31 |      --      -- |   0.000 |   2.5x  
   2^18     4  2.00 |     8.11 |   68.15    7.33    7.31    4.03    4.03 |    4.03 |      --      -- |   0.719 |   2.0x  
   2^18    16  0.00 |    29.99 |   13.99   13.18   13.15   13.15   13.15 |   13.15 |      --      -- |   0.000 |   2.3x  
   2^18    16  0.05 |    29.99 |   15.59   13.28   13.25   13.15   13.15 |   13.15 |      --      -- |   0.000 |   2.3x  
   2^18    16  2.00 |    29.99 |   77.99   17.18   17.15   16.53   16.53 |   16.53 |      --      -- |   3.375 |   1.8x  
   2^18   128  0.00 |   237.09 |  105.85  105.04  105.01  105.01  105.01 |  105.01 |      --      -- |   0.000 |   2.3x  
   2^18   128  0.05 |   237.09 |  107.45  105.14  105.11  105.04  105.04 |  105.04 |      --      -- |   0.023 |   2.3x  
   2^18   128  2.00 |   237.09 |  169.85  109.04  109.01  108.94  108.94 |  108.94 |      --      -- |   3.923 |   2.2x  
   2^20     4  0.00 |    37.65 |   21.65   13.66   13.43   13.43   13.43 |   13.43 |   16.76   16.76 |   0.000 |   2.8x  
   2^20     4  0.05 |    37.65 |   23.25   13.76   13.53   13.43   13.43 |   13.43 |   16.86   16.86 |   0.000 |   2.8x  
   2^20     4  2.00 |    37.65 |   85.65   17.66   17.43   13.43   13.43 |   13.43 |   20.76   20.76 |   0.000 |   2.8x  
   2^20    16  0.00 |   126.10 |   61.02   53.02   52.80   52.80   52.80 |   52.80 |   53.49   53.49 |   0.000 |   2.4x  
   2^20    16  0.05 |   126.10 |   62.62   53.12   52.90   52.80   52.80 |   52.80 |   53.59   53.59 |   0.000 |   2.4x  
   2^20    16  2.00 |   126.10 |  125.02   57.02   56.80   54.30   54.30 |   54.30 |   57.49   57.49 |   1.500 |   2.3x  
   2^20   128  0.00 |   953.42 |  428.46  420.47  420.24  420.24  420.24 |  420.24 |  420.93  420.93 |   0.000 |   2.3x  
   2^20   128  0.05 |   953.42 |  430.06  420.57  420.34  420.24  420.24 |  420.24 |  421.03  421.03 |   0.000 |   2.3x  
   2^20   128  2.00 |   953.42 |  492.46  424.47  424.24  423.93  423.93 |  423.93 |  424.93  424.93 |   3.692 |   2.2x  
   2^22     4  0.00 |   155.90 |   90.81   54.89   53.86   53.86   53.86 |   53.86 |   74.49   74.49 |   0.000 |   2.9x  
   2^22     4  0.05 |   155.90 |   92.41   54.99   53.96   53.86   53.86 |   53.86 |   74.59   74.59 |   0.000 |   2.9x  
   2^22     4  2.00 |   155.90 |  154.81   58.89   57.86   53.86   53.86 |   53.86 |   78.49   78.49 |   0.000 |   2.9x  
   2^22    16  0.00 |   510.77 |  248.29  212.36  211.33  211.33  211.33 |  211.33 |  214.42  214.42 |   0.000 |   2.4x  
   2^22    16  0.05 |   510.77 |  249.89  212.46  211.43  211.33  211.33 |  211.33 |  214.52  214.52 |   0.000 |   2.4x  
   2^22    16  2.00 |   510.77 |  312.29  216.36  215.33  211.33  211.33 |  211.33 |  218.42  218.42 |   0.000 |   2.4x  
   2^22   128  0.00 |  3817.89 | 1718.05 1682.12 1681.10 1681.10 1681.10 | 1681.10 | 1684.18 1684.18 |   0.000 |   2.3x  
   2^22   128  0.05 |  3817.89 | 1719.65 1682.22 1681.20 1681.10 1681.10 | 1681.10 | 1684.28 1684.28 |   0.000 |   2.3x  
   2^22   128  2.00 |  3817.89 | 1782.05 1686.12 1685.10 1683.87 1683.87 | 1683.87 | 1688.18 1688.18 |   2.769 |   2.3x  
   2^24     4  0.00 |   630.93 |  368.45  219.87  215.55  215.55  215.55 |  215.55 |  325.64  325.64 |   0.000 |   2.9x W
   2^24     4  0.05 |   630.93 |  370.05  219.97  215.65  215.55  215.55 |  215.55 |  325.74  325.74 |   0.000 |   2.9x W
   2^24     4  2.00 |   630.93 |  432.45  223.87  219.55  215.55  215.55 |  215.55 |  329.64  329.64 |   0.000 |   2.9x W
   2^24    16  0.00 |  2048.27 |  998.35  849.77  845.45  845.45  845.45 |  845.45 |  859.40  859.40 |   0.000 |   2.4x  
   2^24    16  0.05 |  2048.27 |  999.95  849.87  845.55  845.45  845.45 |  845.45 |  859.50  859.50 |   0.000 |   2.4x  
   2^24    16  2.00 |  2048.27 | 1062.35  853.77  849.45  845.45  845.45 |  845.45 |  863.40  863.40 |   0.000 |   2.4x  
   2^24   128  0.00 | 15276.77 | 6877.40 6728.82 6724.51 6724.51 6724.51 | 6724.51 | 6738.45 6738.45 |   0.000 |   2.3x  
   2^24   128  0.05 | 15276.77 | 6879.00 6728.92 6724.61 6724.51 6724.51 | 6724.51 | 6738.55 6738.55 |   0.000 |   2.3x  
   2^24   128  2.00 | 15276.77 | 6941.40 6732.82 6728.51 6724.51 6724.51 | 6724.51 | 6742.45 6742.45 |   0.000 |   2.3x  

-- RTX5000Ada est: PIM DPF+convert 0.1467 ns/leaf, NTT ratio 1.35
       N    t   rtt |      GPU |      S0      S1      S2      S3      S4 |   S5bad |   S1_4s  S1_4sD |  netexp | x(S4)
   2^16     4  0.00 |     2.79 |    1.50    1.25    1.24    1.24    1.24 |    1.24 |      --      -- |   0.000 |   2.2x  
   2^16     4  0.05 |     2.79 |    3.10    1.35    1.34    1.24    1.24 |    1.24 |      --      -- |   0.000 |   2.2x  
   2^16     4  2.00 |     2.79 |   65.50    5.25    5.24    4.63    4.63 |    4.63 |      --      -- |   3.385 |   0.6x  
   2^16    16  0.00 |     9.69 |    5.19    4.94    4.93    4.93    4.93 |    4.93 |      --      -- |   0.000 |   2.0x  
   2^16    16  0.05 |     9.69 |    6.79    5.04    5.03    4.93    4.93 |    4.93 |      --      -- |   0.000 |   2.0x  
   2^16    16  2.00 |     9.69 |   69.19    8.94    8.93    8.78    8.78 |    8.78 |      --      -- |   3.846 |   1.1x  
   2^16   128  0.00 |    76.34 |   39.64   39.39   39.38   39.38   39.38 |   39.38 |      --      -- |   0.000 |   1.9x  
   2^16   128  0.05 |    76.34 |   41.24   39.49   39.48   39.46   39.46 |   39.46 |      --      -- |   0.081 |   1.9x  
   2^16   128  2.00 |    76.34 |  103.64   43.39   43.38   43.36   43.36 |   43.36 |      --      -- |   3.981 |   1.8x  
   2^18     4  0.00 |    10.59 |    6.09    4.99    4.96    4.96    4.96 |    4.96 |      --      -- |   0.000 |   2.1x  
   2^18     4  0.05 |    10.59 |    7.69    5.09    5.06    4.96    4.96 |    4.96 |      --      -- |   0.000 |   2.1x  
   2^18     4  2.00 |    10.59 |   70.09    8.99    8.96    6.50    6.50 |    6.50 |      --      -- |   1.539 |   1.6x  
   2^18    16  0.00 |    39.03 |   20.86   19.76   19.72   19.72   19.72 |   19.72 |      --      -- |   0.000 |   2.0x  
   2^18    16  0.05 |    39.03 |   22.46   19.86   19.82   19.72   19.72 |   19.72 |      --      -- |   0.000 |   2.0x  
   2^18    16  2.00 |    39.03 |   84.86   23.76   23.72   23.11   23.11 |   23.11 |      --      -- |   3.385 |   1.7x  
   2^18   128  0.00 |   308.26 |  158.65  157.55  157.52  157.52  157.52 |  157.52 |      --      -- |   0.000 |   2.0x  
   2^18   128  0.05 |   308.26 |  160.25  157.65  157.62  157.54  157.54 |  157.54 |      --      -- |   0.023 |   2.0x  
   2^18   128  2.00 |   308.26 |  222.65  161.55  161.52  161.44  161.44 |  161.44 |      --      -- |   3.923 |   1.9x  
   2^20     4  0.00 |    49.37 |   31.19   20.40   20.10   20.10   20.10 |   20.10 |   22.74   22.74 |   0.000 |   2.5x  
   2^20     4  0.05 |    49.37 |   32.79   20.50   20.20   20.10   20.10 |   20.10 |   22.84   22.84 |   0.000 |   2.5x  
   2^20     4  2.00 |    49.37 |   95.19   24.40   24.10   20.10   20.10 |   20.10 |   26.74   26.74 |   0.000 |   2.5x  
   2^20    16  0.00 |   164.36 |   90.25   79.46   79.15   79.15   79.15 |   79.15 |   80.08   80.08 |   0.000 |   2.1x  
   2^20    16  0.05 |   164.36 |   91.85   79.56   79.25   79.15   79.15 |   79.15 |   80.18   80.18 |   0.000 |   2.1x  
   2^20    16  2.00 |   164.36 |  154.25   83.46   83.15   80.69   80.69 |   80.69 |   84.08   84.08 |   1.539 |   2.0x  
   2^20   128  0.00 |  1239.87 |  641.41  630.62  630.31  630.31  630.31 |  630.31 |  631.24  631.24 |   0.000 |   2.0x  
   2^20   128  0.05 |  1239.87 |  643.01  630.72  630.41  630.31  630.31 |  630.31 |  631.34  631.34 |   0.000 |   2.0x  
   2^20   128  2.00 |  1239.87 |  705.41  634.62  634.31  634.00  634.00 |  634.00 |  635.24  635.24 |   3.692 |   2.0x  
   2^22     4  0.00 |   204.58 |  130.47   81.97   80.58   80.58   80.58 |   80.58 |  101.06  101.06 |   0.000 |   2.5x  
   2^22     4  0.05 |   204.58 |  132.07   82.07   80.68   80.58   80.58 |   80.58 |  101.16  101.16 |   0.000 |   2.5x  
   2^22     4  2.00 |   204.58 |  194.47   85.97   84.58   80.58   80.58 |   80.58 |  105.06  105.06 |   0.000 |   2.5x  
   2^22    16  0.00 |   665.92 |  366.69  318.18  316.79  316.79  316.79 |  316.79 |  320.96  320.96 |   0.000 |   2.1x  
   2^22    16  0.05 |   665.92 |  368.29  318.28  316.89  316.79  316.79 |  316.79 |  321.06  321.06 |   0.000 |   2.1x  
   2^22    16  2.00 |   665.92 |  430.69  322.18  320.79  316.79  316.79 |  316.79 |  324.96  324.96 |   0.000 |   2.1x  
   2^22   128  0.00 |  4965.18 | 2571.33 2522.83 2521.44 2521.44 2521.44 | 2521.44 | 2525.60 2525.60 |   0.000 |   2.0x  
   2^22   128  0.05 |  4965.18 | 2572.93 2522.93 2521.54 2521.44 2521.44 | 2521.44 | 2525.70 2525.70 |   0.000 |   2.0x  
   2^22   128  2.00 |  4965.18 | 2635.33 2526.83 2525.44 2524.21 2524.21 | 2524.21 | 2529.60 2529.60 |   2.770 |   2.0x  
   2^24     4  0.00 |   828.13 |  528.90  328.32  322.49  322.49  322.49 |  322.49 |  441.58  441.58 |   0.000 |   2.6x W
   2^24     4  0.05 |   828.13 |  530.50  328.42  322.59  322.49  322.49 |  322.49 |  441.68  441.68 |   0.000 |   2.6x W
   2^24     4  2.00 |   828.13 |  592.90  332.32  326.49  322.49  322.49 |  322.49 |  445.58  445.58 |   0.000 |   2.6x W
   2^24    16  0.00 |  2670.67 | 1473.75 1273.17 1267.34 1267.34 1267.34 | 1267.34 | 1286.17 1286.17 |   0.000 |   2.1x  
   2^24    16  0.05 |  2670.67 | 1475.35 1273.27 1267.44 1267.34 1267.34 | 1267.34 | 1286.27 1286.27 |   0.000 |   2.1x  
   2^24    16  2.00 |  2670.67 | 1537.75 1277.17 1271.34 1267.34 1267.34 | 1267.34 | 1290.17 1290.17 |   0.000 |   2.1x  
   2^24   128  0.00 | 19867.72 | 10292.33 10091.75 10085.92 10085.92 10085.92 | 10085.92 | 10104.75 10104.75 |   0.000 |   2.0x  
   2^24   128  0.05 | 19867.72 | 10293.93 10091.85 10086.02 10085.92 10085.92 | 10085.92 | 10104.85 10104.85 |   0.000 |   2.0x  
   2^24   128  2.00 | 19867.72 | 10356.33 10095.75 10089.92 10085.92 10085.92 | 10085.92 | 10108.75 10108.75 |   0.000 |   2.0x  

-- RTXPRO6000 est: PIM DPF+convert 0.0465 ns/leaf, NTT ratio 0.70
       N    t   rtt |      GPU |      S0      S1      S2      S3      S4 |   S5bad |   S1_4s  S1_4sD |  netexp | x(S4)
   2^16     4  0.00 |     1.24 |    0.53    0.40    0.40    0.40    0.40 |    0.40 |      --      -- |   0.000 |   3.1x  
   2^16     4  0.05 |     1.24 |    2.13    0.50    0.50    0.40    0.40 |    0.40 |      --      -- |   0.000 |   3.1x  
   2^16     4  2.00 |     1.24 |   64.53    4.40    4.40    4.01    4.01 |    4.01 |      --      -- |   3.610 |   0.3x  
   2^16    16  0.00 |     4.27 |    1.70    1.57    1.57    1.57    1.57 |    1.57 |      --      -- |   0.000 |   2.7x  
   2^16    16  0.05 |     4.27 |    3.30    1.67    1.67    1.57    1.57 |    1.57 |      --      -- |   0.000 |   2.7x  
   2^16    16  2.00 |     4.27 |   65.70    5.57    5.57    5.37    5.37 |    5.37 |      --      -- |   3.805 |   0.8x  
   2^16   128  0.00 |    33.49 |   12.63   12.50   12.50   12.50   12.50 |   12.50 |      --      -- |   0.000 |   2.7x  
   2^16   128  0.05 |    33.49 |   14.23   12.60   12.60   12.58   12.58 |   12.58 |      --      -- |   0.076 |   2.7x  
   2^16   128  2.00 |    33.49 |   76.63   16.50   16.50   16.48   16.48 |   16.48 |      --      -- |   3.976 |   2.0x  
   2^18     4  0.00 |     4.74 |    2.17    1.60    1.58    1.58    1.58 |    1.58 |      --      -- |   0.000 |   3.0x  
   2^18     4  0.05 |     4.74 |    3.77    1.70    1.68    1.58    1.58 |    1.58 |      --      -- |   0.000 |   3.0x  
   2^18     4  2.00 |     4.74 |   66.17    5.60    5.58    4.02    4.02 |    4.02 |      --      -- |   2.438 |   1.2x  
   2^18    16  0.00 |    17.21 |    6.85    6.29    6.27    6.27    6.27 |    6.27 |      --      -- |   0.000 |   2.7x  
   2^18    16  0.05 |    17.21 |    8.45    6.39    6.37    6.27    6.27 |    6.27 |      --      -- |   0.000 |   2.7x  
   2^18    16  2.00 |    17.21 |   70.85   10.29   10.27    9.49    9.49 |    9.49 |      --      -- |   3.219 |   1.8x  
   2^18   128  0.00 |   135.23 |   50.59   50.02   50.00   50.00   50.00 |   50.00 |      --      -- |   0.000 |   2.7x  
   2^18   128  0.05 |   135.23 |   52.19   50.12   50.10   50.00   50.00 |   50.00 |      --      -- |   0.002 |   2.7x  
   2^18   128  2.00 |   135.23 |  114.59   54.02   54.00   53.90   53.90 |   53.90 |      --      -- |   3.902 |   2.5x  
   2^20     4  0.00 |    22.57 |   12.21    6.62    6.46    6.46    6.46 |    6.46 |   11.55   11.55 |   0.000 |   3.5x  
   2^20     4  0.05 |    22.57 |   13.81    6.72    6.56    6.46    6.46 |    6.46 |   11.65   11.65 |   0.000 |   3.5x  
   2^20     4  2.00 |    22.57 |   76.21   10.62   10.46    6.46    6.46 |    6.46 |   15.55   15.55 |   0.000 |   3.5x  
   2^20    16  0.00 |    72.97 |   30.96   25.36   25.20   25.20   25.20 |   25.20 |   25.69   25.69 |   0.000 |   2.9x  
   2^20    16  0.05 |    72.97 |   32.56   25.46   25.30   25.20   25.20 |   25.20 |   25.79   25.79 |   0.000 |   2.9x  
   2^20    16  2.00 |    72.97 |   94.96   29.36   29.20   26.08   26.08 |   26.08 |   29.69   29.69 |   0.876 |   2.8x  
   2^20   128  0.00 |   544.46 |  205.89  200.29  200.13  200.13  200.13 |  200.13 |  200.62  200.62 |   0.000 |   2.7x  
   2^20   128  0.05 |   544.46 |  207.49  200.39  200.23  200.13  200.13 |  200.13 |  200.72  200.72 |   0.000 |   2.7x  
   2^20   128  2.00 |   544.46 |  269.89  204.29  204.13  203.74  203.74 |  203.74 |  204.62  204.62 |   3.610 |   2.7x  
   2^22     4  0.00 |    93.83 |   51.82   28.39   25.95   25.95   25.95 |   25.95 |   51.41   51.41 |   0.000 |   3.6x  
   2^22     4  0.05 |    93.83 |   53.42   28.49   26.05   25.95   25.95 |   25.95 |   51.51   51.51 |   0.000 |   3.6x  
   2^22     4  2.00 |    93.83 |  115.82   32.39   29.95   25.95   25.95 |   25.95 |   55.41   55.41 |   0.000 |   3.6x  
   2^22    16  0.00 |   296.07 |  126.79  101.64  100.92  100.92  100.92 |  100.92 |  103.08  103.08 |   0.000 |   2.9x  
   2^22    16  0.05 |   296.07 |  128.39  101.74  101.02  100.92  100.92 |  100.92 |  103.18  103.18 |   0.000 |   2.9x  
   2^22    16  2.00 |   296.07 |  190.79  105.64  104.92  100.92  100.92 |  100.92 |  107.08  107.08 |   0.000 |   2.9x  
   2^22   128  0.00 |  2180.78 |  826.51  801.36  800.64  800.64  800.64 |  800.64 |  802.80  802.80 |   0.000 |   2.7x  
   2^22   128  0.05 |  2180.78 |  828.11  801.46  800.74  800.64  800.64 |  800.64 |  802.90  802.90 |   0.000 |   2.7x  
   2^22   128  2.00 |  2180.78 |  890.51  805.36  804.64  803.08  803.08 |  803.08 |  806.80  806.80 |   2.438 |   2.7x  
   2^24     4  0.00 |   380.18 |  210.90  117.19  103.87  103.87  103.87 |  103.87 |  225.01  225.01 |   0.000 |   3.7x W
   2^24     4  0.05 |   380.18 |  212.50  117.29  103.97  103.87  103.87 |  103.87 |  225.11  225.11 |   0.000 |   3.7x W
   2^24     4  2.00 |   380.18 |  274.90  121.19  107.87  103.87  103.87 |  103.87 |  229.01  229.01 |   0.000 |   3.7x W
   2^24    16  0.00 |  1187.91 |  510.78  406.78  403.75  403.75  403.75 |  403.75 |  413.52  413.52 |   0.000 |   2.9x  
   2^24    16  0.05 |  1187.91 |  512.38  406.88  403.85  403.75  403.75 |  403.75 |  413.62  413.62 |   0.000 |   2.9x  
   2^24    16  2.00 |  1187.91 |  574.78  410.78  407.75  403.75  403.75 |  403.75 |  417.52  417.52 |   0.000 |   2.9x  
   2^24   128  0.00 |  8726.74 | 3309.68 3205.68 3202.66 3202.66 3202.66 | 3202.66 | 3212.42 3212.42 |   0.000 |   2.7x  
   2^24   128  0.05 |  8726.74 | 3311.28 3205.78 3202.76 3202.66 3202.66 | 3202.66 | 3212.52 3212.52 |   0.000 |   2.7x  
   2^24   128  2.00 |  8726.74 | 3373.68 3209.68 3206.66 3202.66 3202.66 | 3202.66 | 3216.42 3216.42 |   0.000 |   2.7x  

-- A100-80 est: PIM DPF+convert 0.0423 ns/leaf, NTT ratio 0.73
       N    t   rtt |      GPU |      S0      S1      S2      S3      S4 |   S5bad |   S1_4s  S1_4sD |  netexp | x(S4)
   2^16     4  0.00 |     1.58 |    0.50    0.36    0.36    0.36    0.36 |    0.36 |      --      -- |   0.000 |   4.4x  
   2^16     4  0.05 |     1.58 |    2.10    0.46    0.46    0.36    0.36 |    0.36 |      --      -- |   0.000 |   4.4x  
   2^16     4  2.00 |     1.58 |   64.50    4.36    4.36    4.01    4.01 |    4.01 |      --      -- |   3.645 |   0.4x  
   2^16    16  0.00 |     5.51 |    1.56    1.43    1.42    1.42    1.42 |    1.42 |      --      -- |   0.000 |   3.9x  
   2^16    16  0.05 |     5.51 |    3.16    1.53    1.52    1.42    1.42 |    1.42 |      --      -- |   0.000 |   3.9x  
   2^16    16  2.00 |     5.51 |   65.56    5.43    5.42    5.19    5.19 |    5.19 |      --      -- |   3.764 |   1.1x  
   2^16   128  0.00 |    43.45 |   11.49   11.35   11.35   11.35   11.35 |   11.35 |      --      -- |   0.000 |   3.8x  
   2^16   128  0.05 |    43.45 |   13.09   11.45   11.45   11.42   11.42 |   11.42 |      --      -- |   0.072 |   3.8x  
   2^16   128  2.00 |    43.45 |   75.49   15.35   15.35   15.32   15.32 |   15.32 |      --      -- |   3.972 |   2.8x  
   2^18     4  0.00 |     6.00 |    2.05    1.46    1.44    1.44    1.44 |    1.44 |      --      -- |   0.000 |   4.2x  
   2^18     4  0.05 |     6.00 |    3.65    1.56    1.54    1.44    1.44 |    1.44 |      --      -- |   0.000 |   4.2x  
   2^18     4  2.00 |     6.00 |   66.05    5.46    5.44    4.02    4.02 |    4.02 |      --      -- |   2.582 |   1.5x  
   2^18    16  0.00 |    22.19 |    6.31    5.71    5.69    5.69    5.69 |    5.69 |      --      -- |   0.000 |   3.9x  
   2^18    16  0.05 |    22.19 |    7.91    5.81    5.79    5.69    5.69 |    5.69 |      --      -- |   0.000 |   3.9x  
   2^18    16  2.00 |    22.19 |   70.31    9.71    9.69    8.75    8.75 |    8.75 |      --      -- |   3.055 |   2.5x  
   2^18   128  0.00 |   175.44 |   46.01   45.42   45.40   45.40   45.40 |   45.40 |      --      -- |   0.000 |   3.9x  
   2^18   128  0.05 |   175.44 |   47.61   45.52   45.50   45.40   45.40 |   45.40 |      --      -- |   0.000 |   3.9x  
   2^18   128  2.00 |   175.44 |  110.01   49.42   49.40   49.29   49.29 |   49.29 |      --      -- |   3.889 |   3.6x  
   2^20     4  0.00 |    27.78 |   11.90    6.58    5.90    5.90    5.90 |    5.90 |   11.99    8.18 |   0.000 |   4.7x  
   2^20     4  0.05 |    27.78 |   13.50    6.68    6.00    5.90    5.90 |    5.90 |   12.09    8.28 |   0.000 |   4.7x  
   2^20     4  2.00 |    27.78 |   75.90   10.58    9.90    5.90    5.90 |    5.90 |   15.99   12.18 |   0.000 |   4.7x  
   2^20    16  0.00 |    93.23 |   28.91   23.08   22.91   22.91   22.91 |   22.91 |   23.42   23.18 |   0.000 |   4.1x  
   2^20    16  0.05 |    93.23 |   30.51   23.18   23.01   22.91   22.91 |   22.91 |   23.52   23.28 |   0.000 |   4.1x  
   2^20    16  2.00 |    93.23 |   92.91   27.08   26.91   23.13   23.13 |   23.13 |   27.42   27.18 |   0.218 |   4.0x  
   2^20   128  0.00 |   705.44 |  187.75  181.91  181.75  181.75  181.75 |  181.75 |  182.25  182.01 |   0.000 |   3.9x  
   2^20   128  0.05 |   705.44 |  189.35  182.01  181.85  181.75  181.75 |  181.75 |  182.35  182.11 |   0.000 |   3.9x  
   2^20   128  2.00 |   705.44 |  251.75  185.91  185.75  185.30  185.30 |  185.30 |  186.25  186.01 |   3.556 |   3.8x  
   2^22     4  0.00 |   114.98 |   50.67   29.39   23.69   23.69   23.69 |   23.69 |   53.40   37.00 |   0.000 |   4.9x  
   2^22     4  0.05 |   114.98 |   52.27   29.49   23.79   23.69   23.69 |   23.69 |   53.50   37.10 |   0.000 |   4.9x  
   2^22     4  2.00 |   114.98 |  114.67   33.39   27.69   23.69   23.69 |   23.69 |   57.40   41.00 |   0.000 |   4.9x  
   2^22    16  0.00 |   377.59 |  118.74   92.51   91.76   91.76   91.76 |   91.76 |   94.01   92.99 |   0.000 |   4.1x  
   2^22    16  0.05 |   377.59 |  120.34   92.61   91.86   91.76   91.76 |   91.76 |   94.11   93.09 |   0.000 |   4.1x  
   2^22    16  2.00 |   377.59 |  182.74   96.51   95.76   91.76   91.76 |   91.76 |   98.01   96.99 |   0.000 |   4.1x  
   2^22   128  0.00 |  2824.86 |  754.07  727.84  727.09  727.09  727.09 |  727.09 |  729.34  728.32 |   0.000 |   3.9x  
   2^22   128  0.05 |  2824.86 |  755.67  727.94  727.19  727.09  727.09 |  727.09 |  729.44  728.42 |   0.000 |   3.9x  
   2^22   128  2.00 |  2824.86 |  818.07  731.84  731.09  729.32  729.32 |  729.32 |  733.34  732.32 |   2.225 |   3.9x  
   2^24     4  0.00 |   465.30 |  206.45  121.37   94.84   94.84   94.84 |   94.84 |  233.81  162.30 |   0.000 |   4.9x W
   2^24     4  0.05 |   465.30 |  208.05  121.47   94.94   94.84   94.84 |   94.84 |  233.91  162.40 |   0.000 |   4.9x W
   2^24     4  2.00 |   465.30 |  270.45  125.37   98.84   94.84   94.84 |   94.84 |  237.81  166.30 |   0.000 |   4.9x W
   2^24    16  0.00 |  1514.13 |  478.74  370.28  367.13  367.13  367.13 |  367.13 |  377.31  372.84 |   0.000 |   4.1x  
   2^24    16  0.05 |  1514.13 |  480.34  370.38  367.23  367.13  367.13 |  367.13 |  377.41  372.94 |   0.000 |   4.1x  
   2^24    16  2.00 |  1514.13 |  542.74  374.28  371.13  367.13  367.13 |  367.13 |  381.31  376.84 |   0.000 |   4.1x  
   2^24   128  0.00 | 11303.22 | 3020.07 2911.61 2908.46 2908.46 2908.46 | 2908.46 | 2918.64 2914.17 |   0.000 |   3.9x  
   2^24   128  0.05 | 11303.22 | 3021.67 2911.71 2908.56 2908.46 2908.46 | 2908.46 | 2918.74 2914.27 |   0.000 |   3.9x  
   2^24   128  2.00 | 11303.22 | 3084.07 2915.61 2912.46 2908.46 2908.46 | 2908.46 | 2922.64 2918.17 |   0.000 |   3.9x  

-- H200 est: PIM DPF+convert 0.0178 ns/leaf, NTT ratio 0.53
       N    t   rtt |      GPU |      S0      S1      S2      S3      S4 |   S5bad |   S1_4s  S1_4sD |  netexp | x(S4)
   2^16     4  0.00 |     1.17 |    0.25    0.16    0.15    0.15    0.15 |    0.15 |      --      -- |   0.000 |   7.6x  
   2^16     4  0.05 |     1.17 |    1.85    0.26    0.25    0.15    0.15 |    0.15 |      --      -- |   0.000 |   7.6x  
   2^16     4  2.00 |     1.17 |   64.25    4.16    4.15    4.00    4.00 |    4.00 |      --      -- |   3.851 |   0.3x  
   2^16    16  0.00 |     4.09 |    0.70    0.60    0.60    0.60    0.60 |    0.60 |      --      -- |   0.000 |   6.8x  
   2^16    16  0.05 |     4.09 |    2.30    0.70    0.70    0.60    0.60 |    0.60 |      --      -- |   0.000 |   6.8x  
   2^16    16  2.00 |     4.09 |   64.70    4.60    4.60    4.48    4.48 |    4.48 |      --      -- |   3.880 |   0.9x  
   2^16   128  0.00 |    32.29 |    4.89    4.79    4.78    4.78    4.78 |    4.78 |      --      -- |   0.000 |   6.7x  
   2^16   128  0.05 |    32.29 |    6.49    4.89    4.88    4.87    4.87 |    4.87 |      --      -- |   0.086 |   6.6x  
   2^16   128  2.00 |    32.29 |   68.89    8.79    8.78    8.77    8.77 |    8.77 |      --      -- |   3.986 |   3.7x  
   2^18     4  0.00 |     4.45 |    1.06    0.63    0.61    0.61    0.61 |    0.61 |      --      -- |   0.000 |   7.2x  
   2^18     4  0.05 |     4.45 |    2.66    0.73    0.71    0.61    0.61 |    0.61 |      --      -- |   0.000 |   7.2x  
   2^18     4  2.00 |     4.45 |   65.06    4.63    4.61    4.02    4.02 |    4.02 |      --      -- |   3.402 |   1.1x  
   2^18    16  0.00 |    16.48 |    2.85    2.42    2.41    2.41    2.41 |    2.41 |      --      -- |   0.000 |   6.8x  
   2^18    16  0.05 |    16.48 |    4.45    2.52    2.51    2.41    2.41 |    2.41 |      --      -- |   0.000 |   6.8x  
   2^18    16  2.00 |    16.48 |   66.85    6.42    6.41    5.93    5.93 |    5.93 |      --      -- |   3.522 |   2.8x  
   2^18   128  0.00 |   130.38 |   19.58   19.15   19.14   19.14   19.14 |   19.14 |      --      -- |   0.000 |   6.8x  
   2^18   128  0.05 |   130.38 |   21.18   19.25   19.24   19.18   19.18 |   19.18 |      --      -- |   0.044 |   6.8x  
   2^18   128  2.00 |   130.38 |   83.58   23.15   23.14   23.08   23.08 |   23.08 |      --      -- |   3.944 |   5.6x  
   2^20     4  0.00 |    20.54 |    6.91    4.67    2.55    2.55    2.55 |    2.55 |    8.60    5.83 |   0.000 |   8.0x  
   2^20     4  0.05 |    20.54 |    8.51    4.77    2.65    2.55    2.55 |    2.55 |    8.70    5.93 |   0.000 |   8.0x  
   2^20     4  2.00 |    20.54 |   70.91    8.67    6.55    4.16    4.16 |    4.16 |   12.60    9.83 |   1.610 |   4.9x  
   2^20    16  0.00 |    69.18 |   14.08    9.84    9.72    9.72    9.72 |    9.72 |   10.09    9.92 |   0.000 |   7.1x  
   2^20    16  0.05 |    69.18 |   15.68    9.94    9.82    9.72    9.72 |    9.72 |   10.19   10.02 |   0.000 |   7.1x  
   2^20    16  2.00 |    69.18 |   78.08   13.84   13.72   11.81   11.81 |   11.81 |   14.09   13.92 |   2.088 |   5.9x  
   2^20   128  0.00 |   524.21 |   81.00   76.77   76.65   76.65   76.65 |   76.65 |   77.01   76.84 |   0.000 |   6.8x  
   2^20   128  0.05 |   524.21 |   82.60   76.87   76.75   76.65   76.65 |   76.65 |   77.11   76.94 |   0.000 |   6.8x  
   2^20   128  2.00 |   524.21 |  145.00   80.77   80.65   80.42   80.42 |   80.42 |   81.01   80.84 |   3.776 |   6.5x  
   2^22     4  0.00 |    84.98 |   29.87   20.91   10.28   10.28   10.28 |   10.28 |   38.34   26.43 |   0.000 |   8.3x  
   2^22     4  0.05 |    84.98 |   31.47   21.01   10.38   10.28   10.28 |   10.28 |   38.44   26.53 |   0.000 |   8.3x  
   2^22     4  2.00 |    84.98 |   93.87   24.91   14.28   10.28   10.28 |   10.28 |   42.34   30.43 |   0.000 |   8.3x  
   2^22    16  0.00 |   280.16 |   58.55   39.51   38.97   38.97   38.97 |   38.97 |   40.60   39.86 |   0.000 |   7.2x  
   2^22    16  0.05 |   280.16 |   60.15   39.61   39.07   38.97   38.97 |   38.97 |   40.70   39.96 |   0.000 |   7.2x  
   2^22    16  2.00 |   280.16 |  122.55   43.51   42.97   38.97   38.97 |   38.97 |   44.60   43.86 |   0.000 |   7.2x  
   2^22   128  0.00 |  2099.08 |  326.25  307.21  306.66  306.66  306.66 |  306.66 |  308.30  307.55 |   0.000 |   6.8x  
   2^22   128  0.05 |  2099.08 |  327.85  307.31  306.76  306.66  306.66 |  306.66 |  308.40  307.65 |   0.000 |   6.8x  
   2^22   128  2.00 |  2099.08 |  390.25  311.21  310.66  309.77  309.77 |  309.77 |  312.30  311.55 |   3.103 |   6.8x  
   2^24     4  0.00 |   343.84 |  122.24   86.39   41.20   41.20   41.20 |   41.20 |  168.02  116.11 |   0.000 |   8.3x W
   2^24     4  0.05 |   343.84 |  123.84   86.49   41.30   41.20   41.20 |   41.20 |  168.12  116.21 |   0.000 |   8.3x W
   2^24     4  2.00 |   343.84 |  186.24   90.39   45.20   41.20   41.20 |   41.20 |  172.02  120.11 |   0.000 |   8.3x W
   2^24    16  0.00 |  1123.38 |  236.97  158.22  155.93  155.93  155.93 |  155.93 |  175.19  160.08 |   0.000 |   7.2x  
   2^24    16  0.05 |  1123.38 |  238.57  158.32  156.03  155.93  155.93 |  155.93 |  175.29  160.18 |   0.000 |   7.2x  
   2^24    16  2.00 |  1123.38 |  300.97  162.22  159.93  155.93  155.93 |  155.93 |  179.19  164.08 |   0.000 |   7.2x  
   2^24   128  0.00 |  8399.05 | 1307.75 1229.01 1226.72 1226.72 1226.72 | 1226.72 | 1234.11 1230.87 |   0.000 |   6.8x  
   2^24   128  0.05 |  8399.05 | 1309.35 1229.11 1226.82 1226.72 1226.72 | 1226.72 | 1234.21 1230.97 |   0.000 |   6.8x  
   2^24   128  2.00 |  8399.05 | 1371.75 1233.01 1230.72 1227.13 1227.13 | 1227.13 | 1238.11 1234.87 |   0.411 |   6.8x  

-- B200 est: PIM DPF+convert 0.0107 ns/leaf, NTT ratio 0.49
       N    t   rtt |      GPU |      S0      S1      S2      S3      S4 |   S5bad |   S1_4s  S1_4sD |  netexp | x(S4)
   2^16     4  0.00 |     1.05 |    0.19    0.10    0.09    0.09    0.09 |    0.09 |      --      -- |   0.000 |  11.2x  
   2^16     4  0.05 |     1.05 |    1.79    0.20    0.19    0.10    0.10 |    0.10 |      --      -- |   0.011 |  10.1x  
   2^16     4  2.00 |     1.05 |   64.19    4.10    4.09    4.00    4.00 |    4.00 |      --      -- |   3.911 |   0.3x  
   2^16    16  0.00 |     3.65 |    0.45    0.36    0.36    0.36    0.36 |    0.36 |      --      -- |   0.000 |  10.1x  
   2^16    16  0.05 |     3.65 |    2.05    0.46    0.46    0.37    0.37 |    0.37 |      --      -- |   0.011 |   9.8x  
   2^16    16  2.00 |     3.65 |   64.45    4.36    4.36    4.27    4.27 |    4.27 |      --      -- |   3.911 |   0.9x  
   2^16   128  0.00 |    28.77 |    2.96    2.87    2.87    2.87    2.87 |    2.87 |      --      -- |   0.000 |  10.0x  
   2^16   128  0.05 |    28.77 |    4.56    2.97    2.97    2.96    2.96 |    2.96 |      --      -- |   0.089 |   9.7x  
   2^16   128  2.00 |    28.77 |   66.96    6.87    6.87    6.86    6.86 |    6.86 |      --      -- |   3.989 |   4.2x  
   2^18     4  0.00 |     3.98 |    0.78    0.45    0.37    0.37    0.37 |    0.37 |      --      -- |   0.000 |  10.7x  
   2^18     4  0.05 |     3.98 |    2.38    0.55    0.47    0.37    0.37 |    0.37 |      --      -- |   0.000 |  10.7x  
   2^18     4  2.00 |     3.98 |   64.78    4.45    4.37    4.01    4.01 |    4.01 |      --      -- |   3.642 |   1.0x  
   2^18    16  0.00 |    14.70 |    1.86    1.46    1.45    1.45    1.45 |    1.45 |      --      -- |   0.000 |  10.2x  
   2^18    16  0.05 |    14.70 |    3.46    1.56    1.55    1.45    1.45 |    1.45 |      --      -- |   0.000 |  10.2x  
   2^18    16  2.00 |    14.70 |   65.86    5.46    5.45    5.09    5.09 |    5.09 |      --      -- |   3.642 |   2.9x  
   2^18   128  0.00 |   116.17 |   11.88   11.48   11.47   11.47   11.47 |   11.47 |      --      -- |   0.000 |  10.1x  
   2^18   128  0.05 |   116.17 |   13.48   11.58   11.57   11.52   11.52 |   11.52 |      --      -- |   0.055 |  10.1x  
   2^18   128  2.00 |   116.17 |   75.88   15.48   15.47   15.42   15.42 |   15.42 |      --      -- |   3.955 |   7.5x  
   2^20     4  0.00 |    18.45 |    5.61    4.27    1.90    1.90    1.90 |    1.90 |    5.63    4.27 |   0.000 |   9.7x  
   2^20     4  0.05 |    18.45 |    7.21    4.37    2.00    1.90    1.90 |    1.90 |    5.73    4.37 |   0.000 |   9.7x  
   2^20     4  2.00 |    18.45 |   69.61    8.27    5.90    4.47    4.47 |    4.47 |    9.63    8.27 |   2.568 |   4.1x  
   2^20    16  0.00 |    61.79 |    9.90    5.99    5.88    5.88    5.88 |    5.88 |    6.07    5.99 |   0.000 |  10.5x  
   2^20    16  0.05 |    61.79 |   11.50    6.09    5.98    5.88    5.88 |    5.88 |    6.17    6.09 |   0.000 |  10.5x  
   2^20    16  2.00 |    61.79 |   73.90    9.99    9.88    8.44    8.44 |    8.44 |   10.07    9.99 |   2.568 |   7.3x  
   2^20   128  0.00 |   467.17 |   49.99   46.07   45.96   45.96   45.96 |   45.96 |   46.16   46.07 |   0.000 |  10.2x  
   2^20   128  0.05 |   467.17 |   51.59   46.17   46.06   45.96   45.96 |   45.96 |   46.26   46.17 |   0.000 |  10.2x  
   2^20   128  2.00 |   467.17 |  113.99   50.07   49.96   49.78   49.78 |   49.78 |   50.16   50.07 |   3.821 |   9.4x  
   2^22     4  0.00 |    76.39 |   24.50   19.14    8.44    8.44    8.44 |    8.44 |   23.48   18.14 |   0.000 |   9.1x  
   2^22     4  0.05 |    76.39 |   26.10   19.24    8.54    8.44    8.44 |    8.44 |   23.58   18.24 |   0.000 |   9.1x  
   2^22     4  2.00 |    76.39 |   88.50   23.14   12.44    8.44    8.44 |    8.44 |   27.48   22.14 |   0.000 |   9.1x  
   2^22    16  0.00 |   250.28 |   41.68   24.08   23.57   23.57   23.57 |   23.57 |   24.55   24.02 |   0.000 |  10.6x  
   2^22    16  0.05 |   250.28 |   43.28   24.18   23.67   23.57   23.57 |   23.57 |   24.65   24.12 |   0.000 |  10.6x  
   2^22    16  2.00 |   250.28 |  105.68   28.08   27.57   23.57   23.57 |   23.57 |   28.55   28.02 |   0.000 |  10.6x  
   2^22   128  0.00 |  1870.77 |  202.02  184.42  183.91  183.91  183.91 |  183.91 |  184.69  184.35 |   0.000 |  10.2x  
   2^22   128  0.05 |  1870.77 |  203.62  184.52  184.01  183.91  183.91 |  183.91 |  184.79  184.45 |   0.000 |  10.2x  
   2^22   128  2.00 |  1870.77 |  266.02  188.42  187.91  187.20  187.20 |  187.20 |  188.69  188.35 |   3.284 |  10.0x  
   2^24     4  0.00 |   309.16 |  100.56   79.09   34.44   34.44   34.44 |   34.44 |   99.13   77.93 |   0.000 |   9.0x W
   2^24     4  0.05 |   309.16 |  102.16   79.19   34.54   34.44   34.44 |   34.44 |   99.23   78.03 |   0.000 |   9.0x W
   2^24     4  2.00 |   309.16 |  164.56   83.09   38.44   34.44   34.44 |   34.44 |  103.13   81.93 |   0.000 |   9.0x W
   2^24    16  0.00 |  1003.65 |  169.28   96.48   94.36   94.36   94.36 |   94.36 |  103.43   96.40 |   0.000 |  10.6x  
   2^24    16  0.05 |  1003.65 |  170.88   96.58   94.46   94.36   94.36 |   94.36 |  103.53   96.50 |   0.000 |  10.6x  
   2^24    16  2.00 |  1003.65 |  233.28  100.48   98.36   94.36   94.36 |   94.36 |  107.43  100.40 |   0.000 |  10.6x  
   2^24   128  0.00 |  7485.62 |  810.63  737.83  735.71  735.71  735.71 |  735.71 |  739.08  737.75 |   0.000 |  10.2x  
   2^24   128  0.05 |  7485.62 |  812.23  737.93  735.81  735.71  735.71 |  735.71 |  739.18  737.85 |   0.000 |  10.2x  
   2^24   128  2.00 |  7485.62 |  874.63  741.83  739.71  736.85  736.85 |  736.85 |  743.08  741.75 |   1.137 |  10.2x  

